function T = Ty(val)
    T = [
        1 0 0 0
        0 1 0 val
        0 0 1 0
        0 0 0 1
    ];
end
    