function T = Tz(val)
    T = [
        1 0 0 0
        0 1 0 0
        0 0 1 val
        0 0 0 1
    ];
end
    